Experiment ID                :  royalroad
Problem Type                 :  RR
Variant                      :  R2
Reward                       :  8
Data Input File Name         :  NA
Number of Runs               :  1
Generations per Run          :  500
Population Size              :  128
Selection Method             :  2
Tournament Size              :  2
Fitness Scaling Type         :  0
Min or Max Fitness           :  max
Crossover Type               :  1
Crossover Rate               :  0.8
Mutation Type                :  1
Mutation Rate                :  0.005
Random Number Seed           :  75982
Number of Genes/Points       :  8
Size of Genes                :  8


 Building Blocks:     0    0    0    0    0    0    0    0    0    0    0    0    0    0 R   1 G   0      8      0.125      0.996
 Building Blocks:     2    0    0    0    0    0    0    0    0    0    0    0    0    0 R   1 G   1      8      0.188      1.215
 Building Blocks:     3    0    0    0    0    0    0    0    0    0    0    0    0    0 R   1 G   2      8      0.375      1.698
 Building Blocks:     6    0    0    0    0    0    0    0    0    0    0    0    0    0 R   1 G   3      8      0.563      2.053
 Building Blocks:     9    0    0    0    0    0    0    0    0    0    0    0    0    0 R   1 G   4      8      0.563      2.053
 Building Blocks:     9    0    0    0    0    0    0    0    0    0    0    0    0    0 R   1 G   5      8        1.0      2.656
 Building Blocks:    16    0    0    0    0    0    0    0    0    0    0    0    0    0 R   1 G   6      8      1.875      3.402
 Building Blocks:    30    0    0    0    0    0    0    0    0    0    0    0    0    0 R   1 G   7      8      2.875      3.854
 Building Blocks:    46    0    0    0    0    0    0    0    0    0    0    0    0    0 R   1 G   8      8       4.25      4.008
 Building Blocks:    68    0    0    0    0    0    0    0    0    0    0    0    0    0 R   1 G   9      8      6.063      3.441
 Building Blocks:    97    0    0    0    0    0    0    0    0    0    0    0    0    0 R   1 G  10      8      7.375      2.155
 Building Blocks:   118    0    0    0    0    0    0    0    0    0    0    0    0    0 R   1 G  11      8      7.438      2.053
 Building Blocks:   119    0    0    0    0    0    0    0    0    0    0    0    0    0 R   1 G  12      8      7.875      0.996
 Building Blocks:   126    0    0    0    0    0    0    0    0    0    0    0    0    0 R   1 G  13      8      7.688      1.556
 Building Blocks:   123    0    0    0    0    0    0    0    0    0    0    0    0    0 R   1 G  14      8      7.563      1.826
 Building Blocks:   121    0    0    0    0    0    0    0    0    0    0    0    0    0 R   1 G  15      8      7.563      1.826
 Building Blocks:   121    0    0    0    0    0    0    0    0    0    0    0    0    0 R   1 G  16      8      7.438      2.053
 Building Blocks:   119    0    0    0    0    0    0    0    0    0    0    0    0    0 R   1 G  17     16       7.75      1.992
 Building Blocks:   122    0    0    0    1    0    0    1    0    0    0    0    0    0 R   1 G  18     16      7.813      2.121
 Building Blocks:   122    0    0    0    1    0    0    2    0    0    0    0    0    0 R   1 G  19     16      7.938      1.877
 Building Blocks:   124    0    0    0    0    0    0    3    0    0    0    0    0    0 R   1 G  20     16      8.188      2.553
 Building Blocks:   123    0    0    0    0    0    0    8    0    0    0    0    0    0 R   1 G  21     16      8.375      2.814
 Building Blocks:   122    0    0    0    0    0    0   12    0    0    0    0    0    0 R   1 G  22     16      8.625       3.27
 Building Blocks:   122    0    0    0    0    0    0   16    0    0    0    0    0    0 R   1 G  23     16      9.875      3.687
 Building Blocks:   122    0    0    0    0    0    0   36    0    0    0    0    0    0 R   1 G  24     16       10.5       4.23
 Building Blocks:   119    0    0    0    0    0    0   49    0    0    0    0    0    0 R   1 G  25     16     11.125      4.403
 Building Blocks:   112    0    0    0    0    0    0   66    0    0    0    0    0    0 R   1 G  26     16     12.438      4.354
 Building Blocks:   117    0    0    0    0    0    0   82    0    0    0    0    0    0 R   1 G  27     16      14.25      3.469
 Building Blocks:   121    0    0    0    0    0    0  107    0    0    0    0    0    0 R   1 G  28     16     14.563      3.395
 Building Blocks:   119    0    0    0    0    0    0  114    0    0    0    0    0    0 R   1 G  29     16     15.188      2.426
 Building Blocks:   121    0    0    0    0    0    0  122    0    0    0    0    0    0 R   1 G  30     16     15.063      2.583
 Building Blocks:   117    0    0    0    0    0    0  124    0    0    0    0    0    0 R   1 G  31     16     15.563      1.826
 Building Blocks:   125    0    0    0    0    0    0  124    0    0    0    0    0    0 R   1 G  32     16     15.438      2.053
 Building Blocks:   122    0    0    0    0    0    0  125    0    0    0    0    0    0 R   1 G  33     16       15.5      1.944
 Building Blocks:   126    0    0    0    0    0    0  122    0    0    0    0    0    0 R   1 G  34     40     16.125      4.137
 Building Blocks:   124    0    0    0    0    0    3  125    0    0    0    3    0    0 R   1 G  35     40     16.188      5.165
 Building Blocks:   122    0    0    0    0    0    5  122    0    0    0    5    0    0 R   1 G  36     40     17.438      7.059
 Building Blocks:   123    0    0    0    0    0   11  123    0    0    0   11    0    0 R   1 G  37     40     18.375      7.735
 Building Blocks:   123    0    0    0    0    0   17  124    0    0    0   15    0    0 R   1 G  38     40     19.063      9.317
 Building Blocks:   120    0    0    0    0    0   23  120    0    0    0   21    0    0 R   1 G  39     40     20.875     11.145
 Building Blocks:   117    0    0    0    0    0   34  119    0    0    0   32    0    0 R   1 G  40     40     24.813     12.248
 Building Blocks:   121    0    0    0    0    0   55  117    0    0    0   52    0    0 R   1 G  41     40     29.875     12.151
 Building Blocks:   117    0    0    0    0    0   85  118    0    0    0   79    0    0 R   1 G  42     40     33.625     10.499
 Building Blocks:   117    0    0    0    0    0  110  115    0    0    0   98    0    0 R   1 G  43     40     34.938      9.675
 Building Blocks:   117    0    0    0    0    0  110  122    0    0    0  105    0    0 R   1 G  44     40     36.375      8.209
 Building Blocks:   115    0    0    0    0    0  119  122    0    0    0  113    0    0 R   1 G  45     40     38.063      5.475
 Building Blocks:   115    0    0    0    0    0  127  123    0    0    0  122    0    0 R   1 G  46     40     37.625      6.611
 Building Blocks:   120    0    0    0    0    0  121  125    0    0    0  118    0    0 R   1 G  47     40     38.313       5.91
 Building Blocks:   125    0    0    0    0    0  125  123    0    0    0  120    0    0 R   1 G  48     40       37.0      7.579
 Building Blocks:   120    0    0    0    0    0  121  121    0    0    0  115    0    0 R   1 G  49     40     37.375       7.52
 Building Blocks:   125    0    0    0    0    0  119  124    0    0    0  115    0    0 R   1 G  50     40     36.438      8.388
 Building Blocks:   123    0    0    0    0    0  119  119    0    0    0  111    0    0 R   1 G  51     40     38.188      5.958
 Building Blocks:   123    0    0    0    0    0  126  122    0    0    0  120    0    0 R   1 G  52     40     37.813      6.327
 Building Blocks:   120    0    0    0    0    0  124  123    0    0    0  119    0    0 R   1 G  53     40     38.063      6.002
 Building Blocks:   121    0    0    0    0    0  122  126    0    0    0  120    0    0 R   1 G  54     40     37.188      7.349
 Building Blocks:   122    0    0    0    0    0  124  119    0    0    0  115    0    0 R   1 G  55     40     38.188      5.958
 Building Blocks:   123    0    0    0    0    0  123  125    0    0    0  120    0    0 R   1 G  56     40     37.813      6.561
 Building Blocks:   123    0    0    0    0    0  123  123    0    0    0  118    0    0 R   1 G  57     40     36.938      7.784
 Building Blocks:   124    0    0    0    0    0  125  116    0    0    0  113    0    0 R   1 G  58     48     36.938      7.654
 Building Blocks:   120    0    0    0    0    1  120  122    0    0    0  114    0    0 R   1 G  59     48     37.188      7.485
 Building Blocks:   118    0    0    0    0    2  122  121    0    0    0  116    0    0 R   1 G  60     48     37.063      7.703
 Building Blocks:   121    0    0    0    0    2  125  117    0    0    0  114    0    0 R   1 G  61     48      37.75      7.304
 Building Blocks:   121    0    0    0    0    4  122  123    0    0    0  117    0    0 R   1 G  62     48     37.563      7.483
 Building Blocks:   121    0    0    0    0    4  118  126    0    0    0  116    0    0 R   1 G  63     48     38.313      7.215
 Building Blocks:   122    0    0    0    0    9  123  123    0    0    0  118    0    0 R   1 G  64     48       39.0      6.583
 Building Blocks:   121    0    0    0    0   15  124  124    0    0    0  120    0    0 R   1 G  65     48     37.563      8.552
 Building Blocks:   120    0    0    0    0   18  117  122    0    0    0  112    0    0 R   1 G  66     48     39.375      6.705
 Building Blocks:   115    0    0    0    0   24  124  125    0    0    0  121    0    0 R   1 G  67     48     40.063      8.125
 Building Blocks:   119    0    0    0    0   40  122  124    0    0    0  118    0    0 R   1 G  68     48     42.438       5.64
 Building Blocks:   123    0    0    0    0   56  125  127    0    0    0  124    0    0 R   1 G  69     48     42.313      8.703
 Building Blocks:   121    0    0    0    0   86  124  118    0    0    0  114    0    0 R   1 G  70     48     44.688      6.994
 Building Blocks:   123    0    0    0    0  110  123  123    0    0    0  118    0    0 R   1 G  71     48     44.688      7.136
 Building Blocks:   117    0    0    0    0  119  123  122    0    0    0  117    0    0 R   1 G  72     56     45.563      6.923
 Building Blocks:   122    0    0    1    0  124  127  119    0    0    0  118    0    0 R   1 G  73     48     45.125      7.151
 Building Blocks:   122    0    0    0    0  121  122  123    0    0    0  117    0    0 R   1 G  74     48     45.188      7.418
 Building Blocks:   119    0    0    0    0  122  124  122    0    0    0  118    0    0 R   1 G  75     48     44.438      7.893
 Building Blocks:   120    0    0    0    0  121  121  121    0    0    0  114    0    0 R   1 G  76     48     44.813      7.798
 Building Blocks:   121    0    0    0    0  124  123  119    0    0    0  115    0    0 R   1 G  77     48       46.5      4.682
 Building Blocks:   121    0    0    0    0  123  127  125    0    0    0  124    0    0 R   1 G  78     48     45.875      6.064
 Building Blocks:   123    0    0    0    0  123  123  125    0    0    0  120    0    0 R   1 G  79     48     44.813      7.798
 Building Blocks:   120    0    0    0    0  127  120  122    0    0    0  114    0    0 R   1 G  80     56     44.188      9.033
 Building Blocks:   125    0    1    0    0  118  115  122    0    0    0  113    0    0 R   1 G  81     56     44.313      8.689
 Building Blocks:   126    0    1    0    0  118  118  122    0    0    0  112    0    0 R   1 G  82     56     45.125      7.008
 Building Blocks:   121    0    3    0    0  119  120  125    0    0    0  117    0    0 R   1 G  83     56       46.0       6.27
 Building Blocks:   123    0    3    0    0  125  124  123    0    0    0  119    0    0 R   1 G  84     56     44.813       8.42
 Building Blocks:   122    0    6    0    0  122  120  121    0    0    0  113    0    0 R   1 G  85     56     45.625      7.735
 Building Blocks:   121    0    7    0    0  126  121  123    0    0    0  116    0    0 R   1 G  86     56     45.375      8.643
 Building Blocks:   126    0   13    0    0  117  118  124    0    0    0  114    0    0 R   1 G  87     56     46.063      8.263
 Building Blocks:   125    0   21    0    0  121  120  122    0    0    0  114    0    0 R   1 G  88     56     46.563      8.244
 Building Blocks:   126    0   25    0    0  121  124  119    0    0    0  115    0    0 R   1 G  89     56     47.625       7.57
 Building Blocks:   121    0   41    0    0  119  123  122    0    0    0  118    0    0 R   1 G  90     56     48.063      8.489
 Building Blocks:   122    0   55    0    0  119  123  120    0    0    0  115    0    0 R   1 G  91     56     49.688      9.237
 Building Blocks:   124    0   80    0    0  122  123  118    0    0    0  114    0    0 R   1 G  92     56       51.5      7.629
 Building Blocks:   123    0   90    0    0  121  124  124    0    0    0  121    0    0 R   1 G  93     56     51.438      7.821
 Building Blocks:   122    0  102    0    0  118  124  121    0    0    0  118    0    0 R   1 G  94     56     52.375      7.503
 Building Blocks:   119    0  114    0    0  123  124  122    0    0    0  118    0    0 R   1 G  95     56     52.375       7.57
 Building Blocks:   120    0  124    0    0  118  118  126    0    0    0  116    0    0 R   1 G  96     56     52.375      7.702
 Building Blocks:   121    0  121    0    0  123  120  123    0    0    0  115    0    0 R   1 G  97     56       52.5      7.563
 Building Blocks:   119    0  125    0    0  118  121  123    0    0    0  117    0    0 R   1 G  98     56       51.0      9.256
 Building Blocks:   117    0  123    0    0  121  119  118    0    0    0  109    0    0 R   1 G  99     56     52.563      6.786
 Building Blocks:   120    0  116    0    0  120  121  126    0    0    0  119    0    0 R   1 G 100     56      52.25      8.214
 Building Blocks:   125    0  123    0    0  121  120  121    0    0    0  113    0    0 R   1 G 101     56      52.25      7.837
 Building Blocks:   122    0  116    0    0  122  122  122    0    0    0  116    0    0 R   1 G 102     56     53.125      6.328
 Building Blocks:   125    0  119    0    0  115  125  124    0    0    0  121    0    0 R   1 G 103     56     52.938      7.454
 Building Blocks:   120    0  122    0    0  120  124  123    0    0    0  119    0    0 R   1 G 104     56     52.188       7.51
 Building Blocks:   119    0  119    0    0  121  124  120    0    0    0  116    0    0 R   1 G 105     56     52.375      7.436
 Building Blocks:   121    0  120    0    0  124  122  121    0    0    0  115    0    0 R   1 G 106     56     52.375      8.209
 Building Blocks:   116    0  123    0    0  121  121  123    0    0    0  117    0    0 R   1 G 107     56     52.438      8.019
 Building Blocks:   122    0  121    0    0  123  122  121    0    0    0  115    0    0 R   1 G 108     56      53.75      6.102
 Building Blocks:   125    0  125    0    0  122  125  123    0    0    0  120    0    0 R   1 G 109     56     53.063       7.16
 Building Blocks:   126    0  126    0    0  119  126  118    0    0    0  117    0    0 R   1 G 110     56     53.375      6.515
 Building Blocks:   124    0  122    0    0  120  125  123    0    0    0  120    0    0 R   1 G 111     56     52.875      7.325
 Building Blocks:   121    0  122    0    0  122  123  122    0    0    0  118    0    0 R   1 G 112     56     53.063      6.946
 Building Blocks:   119    0  126    0    0  125  120  125    0    0    0  117    0    0 R   1 G 113     56      52.25      8.028
 Building Blocks:   122    0  121    0    0  123  120  122    0    0    0  114    0    0 R   1 G 114     56     52.938      6.964
 Building Blocks:   122    0  118    0    0  122  125  122    0    0    0  119    0    0 R   1 G 115     56     52.625       7.62
 Building Blocks:   127    0  119    0    0  123  121  122    0    0    0  115    0    0 R   1 G 116     56     52.375      8.023
 Building Blocks:   117    0  120    0    0  117  123  123    0    0    0  119    0    0 R   1 G 117     56     51.625      8.451
 Building Blocks:   119    0  115    0    0  120  119  123    0    0    0  115    0    0 R   1 G 118     56     51.875       7.71
 Building Blocks:   123    0  121    0    0  113  121  122    0    0    0  115    0    0 R   1 G 119     56      52.25      7.575
 Building Blocks:   120    0  123    0    0  120  120  123    0    0    0  115    0    0 R   1 G 120     56       52.5      8.078
 Building Blocks:   122    0  124    0    0  118  123  121    0    0    0  116    0    0 R   1 G 121     80     52.813      7.401
 Building Blocks:   114    1  121    0    0  122  123  124    1    0    0  119    0    0 R   1 G 122     80     52.938      8.225
 Building Blocks:   118    2  123    0    0  121  121  124    2    0    0  117    0    0 R   1 G 123     80     53.063      8.392
 Building Blocks:   125    3  118    0    0  121  120  124    3    0    0  116    0    0 R   1 G 124     80     53.375      7.247
 Building Blocks:   123    2  120    0    0  121  123  123    2    0    0  119    0    0 R   1 G 125     80     52.813       9.11
 Building Blocks:   117    6  118    0    0  118  122  122    5    0    0  116    0    0 R   1 G 126     80     54.313      11.65
 Building Blocks:   121   13  124    0    0  119  121  119   13    0    0  113    0    0 R   1 G 127     80      55.75     10.995
 Building Blocks:   124   20  117    0    0  118  119  124   19    0    0  116    0    0 R   1 G 128     80     55.938     11.686
 Building Blocks:   122   22  121    0    0  119  117  124   21    0    0  114    0    0 R   1 G 129     80     57.688     12.764
 Building Blocks:   122   32  121    0    0  118  120  122   30    0    0  114    0    0 R   1 G 130     80     59.813     13.241
 Building Blocks:   118   45  123    0    0  114  122  121   42    0    0  115    0    0 R   1 G 131     80     64.625     14.604
 Building Blocks:   122   72  119    0    0  109  122  120   68    0    0  117    0    0 R   1 G 132     80       68.0     14.652
 Building Blocks:   122   91  118    0    0  112  124  119   86    0    0  115    0    0 R   1 G 133     80     69.938     13.099
 Building Blocks:   121  103  115    0    0  110  120  124   97    0    0  116    0    0 R   1 G 134     80       73.0     12.089
 Building Blocks:   120  117  117    0    0  111  121  124  111    0    0  118    0    0 R   1 G 135     80     72.938     11.989
 Building Blocks:   123  115  122    0    0  118  119  122  110    0    0  114    0    0 R   1 G 136     80     74.938     10.182
 Building Blocks:   123  123  119    0    0  123  118  125  118    0    0  116    0    0 R   1 G 137     80     73.938     10.469
 Building Blocks:   125  119  122    0    0  118  121  120  116    0    0  113    0    0 R   1 G 138     80     73.813     11.099
 Building Blocks:   121  122  123    0    0  124  117  122  115    0    0  111    0    0 R   1 G 139     80     74.938      9.517
 Building Blocks:   127  122  124    0    0  123  121  118  121    0    0  111    0    0 R   1 G 140     80      74.25     10.716
 Building Blocks:   126  125  119    0    0  120  118  118  123    0    0  108    0    0 R   1 G 141     80      75.25      9.115
 Building Blocks:   125  125  118    0    0  125  119  122  122    0    0  113    0    0 R   1 G 142     80     75.813      8.921
 Building Blocks:   123  120  123    0    0  126  125  124  115    0    0  121    0    0 R   1 G 143     80     74.313     10.196
 Building Blocks:   123  124  123    0    0  121  120  118  119    0    0  111    0    0 R   1 G 144     80     74.438     10.651
 Building Blocks:   124  119  119    0    0  118  123  122  116    0    0  117    0    0 R   1 G 145     80     73.313     10.849
 Building Blocks:   118  122  119    0    0  118  117  125  112    0    0  115    0    0 R   1 G 146     80     74.188     10.658
 Building Blocks:   123  124  119    0    0  116  118  123  119    0    0  113    0    0 R   1 G 147     80     72.438     11.635
 Building Blocks:   119  121  119    0    0  117  116  121  113    0    0  110    0    0 R   1 G 148     80     74.438     10.885
 Building Blocks:   122  124  123    0    0  117  121  120  118    0    0  114    0    0 R   1 G 149     80     74.625     10.243
 Building Blocks:   120  126  121    0    0  122  122  119  118    0    0  114    0    0 R   1 G 150     80      73.25     10.972
 Building Blocks:   113  123  117    0    0  119  123  123  109    0    0  118    0    0 R   1 G 151     80     74.813      9.342
 Building Blocks:   123  123  119    0    0  119  119  124  118    0    0  117    0    0 R   1 G 152     80       75.0      9.682
 Building Blocks:   124  121  119    0    0  118  123  123  118    0    0  118    0    0 R   1 G 153     80     74.875       9.51
 Building Blocks:   124  123  118    0    0  116  122  123  119    0    0  117    0    0 R   1 G 154     80     75.938      8.979
 Building Blocks:   127  124  118    0    0  115  123  124  123    0    0  119    0    0 R   1 G 155     80     76.625      8.194
 Building Blocks:   123  124  121    0    0  126  124  126  119    0    0  122    0    0 R   1 G 156     80     75.125      9.377
 Building Blocks:   123  122  123    0    0  122  119  125  118    0    0  116    0    0 R   1 G 157     80     73.688     11.864
 Building Blocks:   120  120  123    0    0  117  120  123  113    0    0  115    0    0 R   1 G 158     80     75.188      9.854
 Building Blocks:   123  123  121    0    0  119  120  125  119    0    0  117    0    0 R   1 G 159    136     75.563     11.482
 Building Blocks:   124  124  125    1    0  119  121  121  120    1    0  114    1    0 R   1 G 160     80       74.0     10.577
 Building Blocks:   121  121  122    0    0  122  122  120  114    0    0  114    0    0 R   1 G 161     80     75.875      9.938
 Building Blocks:   123  121  124    0    0  124  126  122  117    0    0  120    0    0 R   1 G 162     80     75.063      9.843
 Building Blocks:   120  121  126    0    0  121  125  122  114    0    0  119    0    0 R   1 G 163     80     74.813     10.267
 Building Blocks:   125  124  121    0    0  124  121  118  121    0    0  111    0    0 R   1 G 164     80     75.313       9.23
 Building Blocks:   124  125  121    0    0  121  119  123  121    0    0  115    0    0 R   1 G 165     80       75.0     10.039
 Building Blocks:   124  123  118    0    0  119  123  121  120    0    0  116    0    0 R   1 G 166     80     76.188      9.089
 Building Blocks:   125  122  123    0    0  124  123  124  119    0    0  120    0    0 R   1 G 167     80     73.875     10.835
 Building Blocks:   119  120  121    0    0  121  120  125  111    0    0  117    0    0 R   1 G 168     80     75.188     10.593
 Building Blocks:   122  123  128    0    0  123  123  120  117    0    0  115    0    0 R   1 G 169     80      75.25     10.011
 Building Blocks:   121  122  125    0    0  124  124  122  115    0    0  118    0    0 R   1 G 170     80     74.563      9.468
 Building Blocks:   123  121  124    0    0  120  121  122  116    0    0  115    0    0 R   1 G 171     80     74.188     10.322
 Building Blocks:   122  123  117    0    0  119  121  121  118    0    0  114    0    0 R   1 G 172    136     73.813     13.365
 Building Blocks:   116  124  125    0    1  122  119  120  112    0    1  112    0    1 R   1 G 173    136     77.063     12.331
 Building Blocks:   122  124  121    0    3  124  124  123  118    0    3  119    0    3 R   1 G 174    136      75.75     13.164
 Building Blocks:   120  119  116    0    6  123  124  122  111    0    6  118    0    3 R   1 G 175    136      78.75     15.174
 Building Blocks:   120  126  119    0    9  125  124  121  118    0    9  117    0    7 R   1 G 176    136     79.313     18.127
 Building Blocks:   124  120  122    0   12  122  123  120  116    0   12  115    0   10 R   1 G 177    136     79.125     18.895
 Building Blocks:   121  119  111    0   13  126  125  119  112    0   13  117    0   12 R   1 G 178    136     82.938     23.413
 Building Blocks:   122  115  111    0   22  125  123  123  109    0   22  118    0   22 R   1 G 179    136     87.813     27.612
 Building Blocks:   122  116  105    0   39  121  122  120  110    0   38  114    0   34 R   1 G 180    136     94.875     28.726
 Building Blocks:   123  115   94    0   64  119  119  122  110    0   58  113    0   50 R   1 G 181    136      99.25     30.491
 Building Blocks:   120  109   91    0   77  119  121  121  102    0   70  115    0   64 R   1 G 182    136    112.875      27.59
 Building Blocks:   116  112   86    0  110  125  121  118  103    0  107  111    0   94 R   1 G 183    136    115.813     26.159
 Building Blocks:   115  122   86    0  116  125  120  117  109    0  113  110    0   97 R   1 G 184    136    115.188     26.128
 Building Blocks:   114  115   92    0  114  126  122  118  101    0  112  112    0   98 R   1 G 185    136    121.563     21.036
 Building Blocks:   123  114   95    0  121  124  125  121  110    0  117  118    0  108 R   1 G 186    136    121.625     23.055
 Building Blocks:   120  116  102    0  121  123  126  120  110    0  117  118    0  107 R   1 G 187    136    119.375     26.497
 Building Blocks:   124  119  104    0  118  122  118  121  115    0  113  112    0  101 R   1 G 188    136    121.438     23.468
 Building Blocks:   119  121  110    0  123  122  122  120  113    0  118  114    0  104 R   1 G 189    136    124.688     21.961
 Building Blocks:   121  126  115    0  120  124  121  126  119    0  117  119    0  108 R   1 G 190    136    123.625     24.444
 Building Blocks:   121  123  117    0  120  123  122  124  117    0  115  118    0  107 R   1 G 191    136    122.125     25.447
 Building Blocks:   119  123  119    0  123  124  118  120  115    0  119  110    0  105 R   1 G 192    136    124.875     19.576
 Building Blocks:   119  121  117    0  123  125  123  124  112    0  120  119    0  111 R   1 G 193    136     124.25     21.105
 Building Blocks:   119  123  113    0  122  126  121  124  115    0  120  117    0  109 R   1 G 194    136    120.875      24.37
 Building Blocks:   117  121  119    0  120  119  124  122  113    0  111  118    0  102 R   1 G 195    136    124.938     20.821
 Building Blocks:   118  121  118    0  125  121  122  126  113    0  119  120    0  111 R   1 G 196    136    122.125     23.079
 Building Blocks:   117  122  122    0  123  121  121  122  111    0  117  115    0  105 R   1 G 197    136    123.125     24.616
 Building Blocks:   123  122  123    0  121  122  122  121  117    0  115  116    0  105 R   1 G 198    136      122.5     24.892
 Building Blocks:   118  123  121    0  121  123  119  123  113    0  117  114    0  106 R   1 G 199    136    122.375     25.325
 Building Blocks:   123  120  122    0  122  120  122  121  115    0  115  116    0  104 R   1 G 200    136    126.375     20.238
 Building Blocks:   120  125  121    0  123  125  124  122  117    0  121  119    0  112 R   1 G 201    136      124.0     22.404
 Building Blocks:   123  121  122    0  125  122  124  119  116    0  119  115    0  107 R   1 G 202    136    123.188     23.552
 Building Blocks:   123  121  123    0  123  125  121  119  116    0  120  112    0  105 R   1 G 203    136    120.563     24.819
 Building Blocks:   118  122  123    0  120  119  122  121  114    0  111  115    0  101 R   1 G 204    136    123.875     21.718
 Building Blocks:   122  120  121    0  121  124  125  121  115    0  117  118    0  107 R   1 G 205    136    122.563     24.631
 Building Blocks:   123  118  122    0  121  124  120  123  113    0  117  115    0  105 R   1 G 206    136    120.938     26.535
 Building Blocks:   122  118  123    0  124  121  118  119  112    0  118  109    0  103 R   1 G 207    136    123.125     24.141
 Building Blocks:   121  123  122    0  120  120  122  124  116    0  113  118    0  106 R   1 G 208    136     123.75     21.994
 Building Blocks:   120  123  119    0  120  123  123  124  115    0  115  120    0  107 R   1 G 209    136    121.438     23.745
 Building Blocks:   114  117  114    0  124  125  122  119  104    0  121  113    0  108 R   1 G 210    136    121.313     23.604
 Building Blocks:   123  116  114    0  119  123  123  121  113    0  114  116    0  104 R   1 G 211    136    120.375     25.095
 Building Blocks:   115  115  114    0  121  124  119  124  103    0  117  115    0  106 R   1 G 212    136    122.688     21.632
 Building Blocks:   114  115  120    0  123  126  123  122  102    0  121  117    0  110 R   1 G 213    136    120.438     24.454
 Building Blocks:   115  116  117    0  121  119  122  125  103    0  114  119    0  105 R   1 G 214    136    121.438     23.425
 Building Blocks:   118  120  109    0  124  118  124  122  110    0  114  118    0  106 R   1 G 215    136    126.563     18.686
 Building Blocks:   123  119  120    0  123  124  124  126  114    0  119  122    0  114 R   1 G 216    136    125.125     22.171
 Building Blocks:   125  123  122    0  120  126  120  124  121    0  118  116    0  108 R   1 G 217    136    128.125     18.181
 Building Blocks:   123  123  123    0  126  125  126  122  118    0  123  120    0  115 R   1 G 218    136    121.188     23.114
 Building Blocks:   118  126  124    0  122  123  121  117  116    0  117  111    0  100 R   1 G 219    136     117.25     26.778
 Building Blocks:   118  119  123    0  117  119  127  113  109    0  109  112    0   95 R   1 G 220    136     119.75     25.633
 Building Blocks:   118  117  121    0  125  120  122  117  108    0  117  111    0  101 R   1 G 221    136      121.5     23.603
 Building Blocks:   117  118  121    0  122  125  120  121  108    0  119  113    0  105 R   1 G 222    136      125.0     22.694
 Building Blocks:   121  121  119    0  122  121  125  125  115    0  116  122    0  110 R   1 G 223    136      123.5     24.047
 Building Blocks:   122  121  124    0  121  122  122  124  115    0  115  118    0  106 R   1 G 224    136    121.875     23.937
 Building Blocks:   122  124  120    0  117  121  124  122  118    0  110  118    0  102 R   1 G 225    136    124.938     21.558
 Building Blocks:   122  124  124    0  120  125  123  123  118    0  117  118    0  108 R   1 G 226    136      125.5     20.739
 Building Blocks:   122  123  126    0  124  122  123  124  117    0  118  119    0  109 R   1 G 227    136    121.875     24.416
 Building Blocks:   119  123  120    0  116  125  121  122  114    0  114  116    0  104 R   1 G 228    136    124.313     23.001
 Building Blocks:   122  118  119    0  124  123  125  120  113    0  119  117    0  110 R   1 G 229    136    124.813     22.967
 Building Blocks:   121  124  119    0  121  124  124  120  118    0  118  118    0  109 R   1 G 230    136    124.125     22.649
 Building Blocks:   119  122  120    0  123  123  123  122  114    0  118  117    0  109 R   1 G 231    136    125.125     19.794
 Building Blocks:   118  119  119    0  122  125  124  125  109    0  119  121    0  113 R   1 G 232    136    119.938     25.088
 Building Blocks:   122  119  116    0  122  122  120  118  113    0  116  111    0  100 R   1 G 233    136      117.0     27.365
 Building Blocks:   114  117  117    0  119  119  117  123  103    0  110  112    0   99 R   1 G 234    136    120.063     22.904
 Building Blocks:   116  109  113    0  123  120  121  125   98    0  115  118    0  108 R   1 G 235    136    122.563     21.856
 Building Blocks:   119  114  114    0  119  127  123  123  105    0  118  118    0  110 R   1 G 236    136     122.75     22.233
 Building Blocks:   120  118  113    0  122  124  124  121  110    0  118  117    0  108 R   1 G 237    136      122.5     22.666
 Building Blocks:   123  114  114    0  122  121  125  123  110    0  115  120    0  107 R   1 G 238    136      124.0     23.221
 Building Blocks:   123  122  114    0  121  122  125  121  118    0  115  119    0  108 R   1 G 239    136    123.875     21.343
 Building Blocks:   118  120  119    0  121  122  125  125  111    0  115  122    0  109 R   1 G 240    136    121.688     23.105
 Building Blocks:   121  116  118    0  122  125  123  118  110    0  119  113    0  105 R   1 G 241    136    120.813     25.015
 Building Blocks:   118  121  119    0  116  124  124  119  112    0  113  115    0  103 R   1 G 242    136    121.875      24.23
 Building Blocks:   119  121  116    0  119  120  126  123  113    0  111  121    0  104 R   1 G 243    136    120.625     24.747
 Building Blocks:   120  119  119    0  124  121  119  120  111    0  117  112    0  102 R   1 G 244    136     123.25     21.188
 Building Blocks:   122  118  120    0  122  121  126  121  112    0  116  119    0  107 R   1 G 245    136     121.25     25.187
 Building Blocks:   125  120  116    0  121  118  123  121  117    0  111  116    0  102 R   1 G 246    136    121.938     22.599
 Building Blocks:   119  118  114    0  121  122  125  122  109    0  115  119    0  106 R   1 G 247    136    121.625      22.14
 Building Blocks:   112  120  118    0  123  124  124  119  105    0  119  115    0  107 R   1 G 248    136    122.438     24.148
 Building Blocks:   120  117  121    0  120  127  119  123  110    0  119  115    0  106 R   1 G 249    136    126.688      19.82
 Building Blocks:   120  119  123    0  125  125  123  124  114    0  122  120    0  114 R   1 G 250    136    122.313     24.492
 Building Blocks:   119  115  123    0  119  127  121  121  108    0  118  114    0  108 R   1 G 251    136    116.938     26.677
 Building Blocks:   118  112  118    0  119  123  118  119  104    0  115  109    0   97 R   1 G 252    136    121.688     22.418
 Building Blocks:   116  116  114    0  120  124  125  122  106    0  116  119    0  107 R   1 G 253    136     122.75     22.881
 Building Blocks:   123  118  111    0  121  124  123  122  113    0  117  117    0  107 R   1 G 254    136     122.25     23.241
 Building Blocks:   123  119  114    0  123  121  118  126  114    0  116  116    0  105 R   1 G 255    136    121.375     23.908
 Building Blocks:   122  120  116    0  124  120  119  123  115    0  116  114    0  102 R   1 G 256    136    119.875     25.634
 Building Blocks:   121  114  120    0  121  119  120  123  109    0  113  116    0  101 R   1 G 257    136    117.313     26.887
 Building Blocks:   117  117  118    0  122  124  115  116  106    0  118  106    0   97 R   1 G 258    136    123.688      20.84
 Building Blocks:   121  117  118    0  124  124  121  124  110    0  120  117    0  109 R   1 G 259    136    123.875     22.672
 Building Blocks:   122  121  120    0  119  125  123  124  115    0  116  119    0  107 R   1 G 260    136    117.438     28.412
 Building Blocks:   121  115  122    0  113  119  121  122  110    0  105  116    0   96 R   1 G 261    136    121.125     24.318
 Building Blocks:   125  118  117    0  117  123  120  122  115    0  113  116    0  102 R   1 G 262    136    123.375     22.009
 Building Blocks:   122  122  117    0  117  123  124  125  116    0  113  121    0  106 R   1 G 263    136    123.188      23.12
 Building Blocks:   119  123  118    0  119  122  122  126  114    0  113  120    0  107 R   1 G 264    136    124.063     21.765
 Building Blocks:   123  125  123    0  119  121  125  123  120    0  113  120    0  105 R   1 G 265    136    124.188     22.848
 Building Blocks:   119  124  122    0  117  122  125  126  115    0  112  123    0  108 R   1 G 266    136    123.625     22.378
 Building Blocks:   120  120  118    0  123  123  122  122  113    0  119  117    0  108 R   1 G 267    136    119.938     24.499
 Building Blocks:   115  116  115    0  122  121  123  121  103    0  116  116    0  104 R   1 G 268    136    123.063     24.284
 Building Blocks:   121  117  118    0  125  122  122  122  112    0  119  116    0  107 R   1 G 269    136    122.125     24.683
 Building Blocks:   120  124  121    0  120  124  121  120  116    0  116  114    0  103 R   1 G 270    136    123.125     23.008
 Building Blocks:   121  124  118    0  122  119  123  121  117    0  116  116    0  106 R   1 G 271    136      120.0     27.106
 Building Blocks:   121  122  116    0  117  122  123  119  115    0  111  114    0  100 R   1 G 272    136    121.688     23.856
 Building Blocks:   119  125  118    0  125  120  117  123  117    0  117  112    0  102 R   1 G 273    136    118.063     25.452
 Building Blocks:   118  121  116    0  123  120  118  119  111    0  115  109    0   96 R   1 G 274    136     120.25     25.057
 Building Blocks:   116  123  115    0  121  121  122  120  111    0  114  114    0  102 R   1 G 275    136     120.25     24.343
 Building Blocks:   113  116  117    0  119  122  122  125  103    0  113  119    0  105 R   1 G 276    136    120.938     23.017
 Building Blocks:   115  120  117    0  117  123  126  121  107    0  112  119    0  105 R   1 G 277    136    122.063     23.399
 Building Blocks:   117  119  118    0  122  122  122  123  109    0  116  118    0  106 R   1 G 278    136    123.375     22.972
 Building Blocks:   119  117  121    0  123  122  122  124  110    0  117  118    0  109 R   1 G 279    136    116.938     27.496
 Building Blocks:   114  121  121    0  120  115  122  118  107    0  107  114    0   96 R   1 G 280    136    122.188     23.751
 Building Blocks:   119  120  114    0  123  121  124  120  111    0  116  116    0  107 R   1 G 281    136    117.125     26.858
 Building Blocks:   120  116  112    0  118  122  119  117  109    0  113  109    0   97 R   1 G 282    136    123.313     21.474
 Building Blocks:   118  118  116    0  123  124  123  123  109    0  119  118    0  109 R   1 G 283    136    124.125      22.76
 Building Blocks:   122  123  118    0  122  125  121  121  118    0  119  114    0  108 R   1 G 284    136      127.0      19.18
 Building Blocks:   120  118  120    0  124  126  124  126  111    0  122  122    0  116 R   1 G 285    136    119.938     25.526
 Building Blocks:   120  116  124    0  122  120  120  121  108    0  115  113    0  101 R   1 G 286    136    118.438     27.014
 Building Blocks:   121  112  123    0  121  120  118  122  106    0  113  112    0   99 R   1 G 287    136    118.875     26.537
 Building Blocks:   117  116  117    0  123  119  120  120  107    0  116  112    0  100 R   1 G 288    136    123.188     23.207
 Building Blocks:   120  121  117    0  119  123  123  124  114    0  114  120    0  107 R   1 G 289    136    125.063     20.839
 Building Blocks:   123  121  123    0  124  124  124  120  116    0  120  117    0  109 R   1 G 290    136    125.125     20.072
 Building Blocks:   122  121  118    0  121  125  122  125  116    0  118  120    0  110 R   1 G 291    136      126.0     20.353
 Building Blocks:   123  122  118    0  123  122  124  124  118    0  118  120    0  112 R   1 G 292    136    124.188     20.302
 Building Blocks:   120  115  118    0  127  121  123  123  107    0  120  119    0  112 R   1 G 293    136      121.0     24.178
 Building Blocks:   123  118  119    0  122  117  123  122  113    0  112  117    0  102 R   1 G 294    136    122.688     23.464
 Building Blocks:   121  119  120    0  123  120  124  122  112    0  115  118    0  106 R   1 G 295    136    121.563      23.33
 Building Blocks:   117  119  121    0  121  123  125  119  110    0  116  116    0  104 R   1 G 296    136    123.313     21.568
 Building Blocks:   121  115  117    0  124  126  123  117  110    0  122  115    0  109 R   1 G 297    136    123.375       22.1
 Building Blocks:   122  116  113    0  123  126  124  118  112    0  121  115    0  109 R   1 G 298    136      125.0     21.602
 Building Blocks:   123  119  117    0  122  122  126  123  115    0  116  121    0  111 R   1 G 299    136    118.688     25.768
 Building Blocks:   118  118  118    0  121  124  121  115  109    0  117  108    0   99 R   1 G 300    136      122.0     23.968
 Building Blocks:   118  122  114    0  122  122  124  120  112    0  117  116    0  105 R   1 G 301    136      118.5     26.136
 Building Blocks:   120  120  114    0  121  119  124  116  113    0  112  112    0   97 R   1 G 302    136    120.625     23.621
 Building Blocks:   117  114  114    0  124  121  124  118  107    0  117  115    0  105 R   1 G 303    136    124.688     21.047
 Building Blocks:   116  121  116    0  127  122  123  122  111    0  121  118    0  112 R   1 G 304    136    123.938     23.221
 Building Blocks:   120  123  123    0  122  125  122  120  116    0  119  115    0  107 R   1 G 305    136    120.938     26.095
 Building Blocks:   122  123  120    0  121  115  120  124  117    0  108  116    0  102 R   1 G 306    136    121.375     23.675
 Building Blocks:   124  118  118    0  124  122  117  123  114    0  118  112    0  102 R   1 G 307    136    122.188     24.214
 Building Blocks:   122  122  124    0  120  122  121  120  116    0  116  114    0  103 R   1 G 308    136    117.188     27.687
 Building Blocks:   123  119  122    0  123  115  111  124  116    0  110  107    0   93 R   1 G 309    136    118.625     26.124
 Building Blocks:   116  118  117    0  116  122  121  122  109    0  110  116    0   99 R   1 G 310    136    117.813     27.708
 Building Blocks:   116  119  116    0  119  121  122  116  108    0  112  112    0   98 R   1 G 311    136    121.938      24.38
 Building Blocks:   115  121  120    0  117  127  121  124  110    0  116  117    0  105 R   1 G 312    136    125.438     19.722
 Building Blocks:   121  122  117    0  123  125  123  122  116    0  121  118    0  111 R   1 G 313    136    126.125     21.213
 Building Blocks:   122  123  119    0  123  125  123  123  117    0  120  119    0  112 R   1 G 314    136    124.375     22.956
 Building Blocks:   118  124  119    0  124  124  122  121  114    0  120  115    0  110 R   1 G 315    136    122.125     23.296
 Building Blocks:   116  124  111    0  118  121  126  124  112    0  111  122    0  106 R   1 G 316    192     124.25       23.5
 Building Blocks:   115  125  115    1  121  124  123  124  112    1  118  119    1  109 R   1 G 317    192    122.375     26.128
 Building Blocks:   115  118  120    2  121  125  121  122  105    2  119  115    2  106 R   1 G 318    192    124.125     22.538
 Building Blocks:   114  119  119    2  125  123  122  122  106    2  120  118    1  111 R   1 G 319    192      124.0     24.734
 Building Blocks:   119  121  120    3  124  119  123  123  112    3  115  118    2  107 R   1 G 320    192    122.813     25.685
 Building Blocks:   122  116  119    5  123  121  122  121  110    5  116  115    2  104 R   1 G 321    192    121.813     27.314
 Building Blocks:   120  119  120    4  121  122  121  120  111    4  115  113    3  101 R   1 G 322    192    123.625     29.626
 Building Blocks:   121  122  122    7  120  118  124  120  115    7  110  116    6  101 R   1 G 323    192     126.75     30.474
 Building Blocks:   119  124  117   11  120  118  123  124  115   11  111  119   10  105 R   1 G 324    192    127.688     32.069
 Building Blocks:   115  122  120   21  117  120  120  124  110   20  110  116   19   99 R   1 G 325    192     130.25     32.281
 Building Blocks:   118  120  123   27  118  122  120  122  111   26  112  114   22  100 R   1 G 326    192     131.75     30.975
 Building Blocks:   116  125  118   29  123  120  122  119  114   28  115  113   23  101 R   1 G 327    192    130.813     35.574
 Building Blocks:   119  117  116   37  124  116  115  121  110   35  112  109   30   94 R   1 G 328    192     139.75     36.196
 Building Blocks:   119  119  121   58  124  116  112  121  112   53  113  109   47   96 R   1 G 329    192    144.063     39.987
 Building Blocks:   118  118  115   81  119  120  109  121  109   73  112  104   60   92 R   1 G 330    192     147.25     39.351
 Building Blocks:   121  120  117   83  117  120  111  123  114   75  110  107   66   92 R   1 G 331    192    158.375     35.428
 Building Blocks:   122  123  120  100  121  117  117  122  117   93  111  111   84   98 R   1 G 332    192    162.188     39.559
 Building Blocks:   119  119  122  112  124  120  117  118  110  106  116  110   90  100 R   1 G 333    192    164.563     36.964
 Building Blocks:   118  120  120  115  123  120  120  119  111  107  116  111   96  101 R   1 G 334    192    167.625     32.975
 Building Blocks:   117  124  119  117  124  121  120  122  115  109  117  114   99  103 R   1 G 335    192    171.625     30.794
 Building Blocks:   124  125  125  119  116  123  120  124  121  116  111  117  110  100 R   1 G 336    192    168.625     33.607
 Building Blocks:   122  123  123  116  121  122  120  123  117  111  115  115  101  102 R   1 G 337    192    174.313     29.091
 Building Blocks:   125  125  123  120  124  123  120  123  122  115  119  115  109  107 R   1 G 338    192      168.5     32.059
 Building Blocks:   124  123  120  120  118  119  124  120  119  112  109  116  104  100 R   1 G 339    192    167.813     32.739
 Building Blocks:   121  122  122  125  119  119  122  115  116  119  112  109  108   94 R   1 G 340    192    167.438     33.072
 Building Blocks:   120  120  124  121  121  118  120  121  112  117  111  113  104   98 R   1 G 341    192    163.813     34.015
 Building Blocks:   120  123  122  116  119  118  119  120  115  110  109  112   99   94 R   1 G 342    192      162.0     35.932
 Building Blocks:   120  122  118  114  119  120  118  121  114  104  112  112   91   98 R   1 G 343    192      165.0     30.992
 Building Blocks:   119  116  119  123  123  122  122  116  108  115  117  110   96   99 R   1 G 344    192    166.313     35.489
 Building Blocks:   119  118  120  123  122  120  122  119  109  115  115  114   97  101 R   1 G 345    192    169.938     32.059
 Building Blocks:   124  117  123  126  121  122  118  120  113  121  116  112  106  100 R   1 G 346    192    168.875     32.828
 Building Blocks:   119  122  120  122  121  121  121  120  114  114  116  114  101  104 R   1 G 347    192    170.125      33.65
 Building Blocks:   120  123  123  122  123  117  121  123  115  117  113  116  105  102 R   1 G 348    192    175.438     29.768
 Building Blocks:   123  120  125  121  124  121  125  126  115  118  117  123  106  113 R   1 G 349    192    168.688     31.985
 Building Blocks:   122  119  120  118  124  119  121  126  113  111  116  119   96  107 R   1 G 350    192     175.75     28.939
 Building Blocks:   121  124  122  121  121  124  125  124  118  118  118  121  109  111 R   1 G 351    192     174.25     30.828
 Building Blocks:   123  124  126  123  123  121  122  120  119  121  117  114  112  104 R   1 G 352    192    171.438     28.602
 Building Blocks:   120  122  123  123  123  120  122  122  114  119  115  116  106  104 R   1 G 353    192     167.75     34.834
 Building Blocks:   116  123  122  126  119  114  123  123  112  120  105  118  106   96 R   1 G 354    192    164.875     32.597
 Building Blocks:   120  119  121  123  117  115  125  118  112  116  105  115  101   95 R   1 G 355    192    167.313     34.879
 Building Blocks:   118  119  122  121  123  115  123  124  109  116  110  119   99  102 R   1 G 356    192    168.375     30.065
 Building Blocks:   126  119  125  119  122  116  123  118  117  116  110  114  106   97 R   1 G 357    192    172.438     31.585
 Building Blocks:   126  119  124  123  123  119  123  120  117  119  114  115  108  105 R   1 G 358    192      166.5     33.609
 Building Blocks:   120  124  121  120  121  118  118  120  116  113  112  112  101   98 R   1 G 359    192      167.5     34.846
 Building Blocks:   118  121  123  120  123  116  122  123  112  115  111  117  100  101 R   1 G 360    192    171.563     32.959
 Building Blocks:   118  124  122  123  126  118  122  120  117  117  116  114  107  104 R   1 G 361    192    171.125     32.674
 Building Blocks:   124  124  117  122  124  119  120  124  120  111  115  116  105  105 R   1 G 362    192    166.813     31.477
 Building Blocks:   121  121  117  119  118  122  121  124  114  108  114  117   97  103 R   1 G 363    192      164.0     33.523
 Building Blocks:   119  120  114  120  120  124  121  120  111  107  116  113   92  101 R   1 G 364    192    163.563     34.205
 Building Blocks:   118  119  118  117  122  122  125  116  109  108  116  113   91  101 R   1 G 365    192     160.75     38.181
 Building Blocks:   121  117  122  117  121  120  118  110  110  111  115  101   96   92 R   1 G 366    192    160.063      36.26
 Building Blocks:   120  112  120  120  120  122  116  115  104  113  115  104   93   93 R   1 G 367    192      162.5     35.844
 Building Blocks:   122  115  121  121  119  122  115  115  110  116  113  104   98   93 R   1 G 368    192    167.188     34.028
 Building Blocks:   122  117  121  120  121  121  124  119  111  113  114  115   99  102 R   1 G 369    192    170.813     30.675
 Building Blocks:   124  121  119  124  124  120  120  121  117  115  116  114  105  104 R   1 G 370    192    171.875     32.094
 Building Blocks:   125  122  118  125  120  123  120  123  119  116  115  115  108  103 R   1 G 371    192     165.75     31.137
 Building Blocks:   125  116  116  121  122  123  121  118  113  109  117  112   96  101 R   1 G 372    192    165.125     33.368
 Building Blocks:   122  119  117  119  121  123  115  124  113  108  116  112   95  101 R   1 G 373    192    163.813     34.442
 Building Blocks:   122  119  117  114  119  122  118  122  114  103  114  113   94  101 R   1 G 374    192    171.188     30.949
 Building Blocks:   124  118  122  119  121  120  125  126  115  113  113  123  101  108 R   1 G 375    192    168.938     32.323
 Building Blocks:   119  117  124  121  122  123  120  123  108  117  117  115   99  106 R   1 G 376    192    164.625     34.699
 Building Blocks:   120  118  118  121  122  121  119  121  111  111  115  112   94  100 R   1 G 377    192    165.313     34.108
 Building Blocks:   119  121  124  122  116  119  118  120  113  118  108  110  105   92 R   1 G 378    192    168.625     28.864
 Building Blocks:   120  123  121  121  121  118  124  122  115  114  111  118  102  101 R   1 G 379    192     164.25     34.616
 Building Blocks:   119  119  124  121  114  117  121  121  112  117  103  114  102   93 R   1 G 380    192    166.875     31.536
 Building Blocks:   123  122  123  125  115  120  118  120  117  120  107  110  109   90 R   1 G 381    192     165.25     35.486
 Building Blocks:   123  122  124  120  120  117  113  121  117  116  109  106  106   91 R   1 G 382    192    170.188     32.027
 Building Blocks:   125  122  123  123  120  120  120  118  119  118  112  113  109   98 R   1 G 383    192    167.813     36.426
 Building Blocks:   122  120  118  122  120  120  124  121  114  113  112  118   99  102 R   1 G 384    192    172.625     30.212
 Building Blocks:   120  118  124  125  123  120  125  121  110  121  117  119  104  109 R   1 G 385    192    163.938     33.357
 Building Blocks:   120  115  117  121  121  126  120  117  107  110  119  109   93  101 R   1 G 386    192     169.25     32.305
 Building Blocks:   124  125  120  120  119  121  125  116  121  112  113  113  106   99 R   1 G 387    192      167.5     31.775
 Building Blocks:   123  120  120  117  122  119  123  122  115  109  114  117   96  105 R   1 G 388    192     163.75     37.063
 Building Blocks:   121  121  116  119  124  117  118  122  114  107  113  113   93   99 R   1 G 389    192    164.375     35.279
 Building Blocks:   119  122  117  121  121  121  118  119  113  110  115  110   97   97 R   1 G 390    192     161.25       35.5
 Building Blocks:   115  123  115  115  120  120  119  119  111  105  112  111   91   98 R   1 G 391    192    166.375     34.724
 Building Blocks:   115  122  122  117  121  123  122  122  109  111  117  116   93  105 R   1 G 392    192      165.5     32.231
 Building Blocks:   113  120  121  118  121  123  121  123  105  111  117  117   90  107 R   1 G 393    192     162.75     34.928
 Building Blocks:   112  120  117  118  121  118  124  124  105  107  111  120   87  104 R   1 G 394    192    164.875     33.974
 Building Blocks:   112  122  119  122  119  122  122  120  108  113  113  114   97   99 R   1 G 395    192    167.063     31.099
 Building Blocks:   116  120  122  123  120  123  122  117  109  117  116  113   98  102 R   1 G 396    192    168.688     34.413
 Building Blocks:   120  124  121  122  121  118  125  116  116  115  114  113  105   99 R   1 G 397    192      171.5     32.558
 Building Blocks:   121  119  124  123  122  120  126  121  112  119  114  119  103  107 R   1 G 398    192    172.188     32.515
 Building Blocks:   124  126  122  121  120  120  120  124  122  115  112  116  110  102 R   1 G 399    192      172.5     32.247
 Building Blocks:   124  123  119  124  125  119  121  123  119  115  117  116  107  105 R   1 G 400    192    170.813     29.279
 Building Blocks:   119  114  125  127  121  120  124  125  105  124  113  121  102  106 R   1 G 401    192     170.75     32.117
 Building Blocks:   119  119  126  126  123  119  124  118  110  124  115  114  106  102 R   1 G 402    192     167.25     32.336
 Building Blocks:   124  121  121  122  121  117  121  119  118  115  110  112  105   95 R   1 G 403    192    165.688      32.75
 Building Blocks:   122  119  122  114  122  122  117  123  114  108  116  113   95  102 R   1 G 404    192    165.688     34.003
 Building Blocks:   116  122  120  117  125  122  117  120  112  109  119  110   95  103 R   1 G 405    192    167.938     31.961
 Building Blocks:   121  126  118  116  122  121  126  119  119  106  115  117   97  104 R   1 G 406    192     167.25     36.134
 Building Blocks:   120  121  119  119  121  121  121  122  113  110  116  115   98  103 R   1 G 407    192    169.563     30.814
 Building Blocks:   123  114  120  118  120  123  127  124  109  112  116  123   94  112 R   1 G 408    192     167.25     33.318
 Building Blocks:   123  115  117  120  122  122  123  122  110  109  116  117   94  108 R   1 G 409    192    164.125     33.357
 Building Blocks:   117  114  117  123  122  123  124  118  104  112  117  115   89  104 R   1 G 410    192    162.313     37.052
 Building Blocks:   124  117  119  117  118  118  119  119  113  109  108  111   98   93 R   1 G 411    192    167.188     32.745
 Building Blocks:   119  119  123  121  123  120  120  118  110  116  115  111  103   99 R   1 G 412    192    161.938     35.377
 Building Blocks:   116  113  123  120  121  119  120  117  104  115  112  110   94   96 R   1 G 413    192    164.063     34.163
 Building Blocks:   118  114  121  122  117  120  119  122  106  115  111  114   96   99 R   1 G 414    192    171.313     31.436
 Building Blocks:   122  120  121  121  123  121  123  122  115  114  116  117  104  107 R   1 G 415    192    168.375     33.924
 Building Blocks:   122  123  122  120  123  119  121  118  117  115  114  111  105   98 R   1 G 416    192    168.625     31.325
 Building Blocks:   124  118  118  123  122  122  119  124  114  113  116  115   99  104 R   1 G 417    192    167.063     34.261
 Building Blocks:   122  119  117  123  122  123  119  118  113  113  117  110   99  102 R   1 G 418    192    167.813     34.332
 Building Blocks:   115  123  121  124  119  122  123  120  111  117  113  116  100  101 R   1 G 419    192    168.563     32.379
 Building Blocks:   123  119  125  117  117  122  123  121  114  115  111  117  102  102 R   1 G 420    192    161.563     34.443
 Building Blocks:   119  117  125  119  112  120  116  119  111  117  106  107  100   89 R   1 G 421    192    161.063      34.05
 Building Blocks:   122  120  119  117  118  121  118  116  114  108  111  106   95   92 R   1 G 422    192     167.25     32.522
 Building Blocks:   124  120  118  118  121  121  124  116  116  110  114  113  101  101 R   1 G 423    192    166.688     35.235
 Building Blocks:   124  121  123  119  119  116  118  121  117  114  108  112  108   93 R   1 G 424    192      173.0     28.678
 Building Blocks:   125  119  124  119  123  122  125  123  116  115  117  120  104  109 R   1 G 425    192     167.25     33.933
 Building Blocks:   117  119  123  122  119  121  122  123  109  117  112  117   99  101 R   1 G 426    192    168.125     33.732
 Building Blocks:   118  116  125  126  122  124  117  120  107  123  118  109  102  100 R   1 G 427    192      165.0     34.661
 Building Blocks:   119  124  120  122  118  119  122  114  115  114  110  108  103   94 R   1 G 428    192    163.875      37.95
 Building Blocks:   120  120  120  117  122  120  116  119  112  111  114  107   98   97 R   1 G 429    192    164.438     33.203
 Building Blocks:   122  121  124  116  119  117  118  122  116  112  108  112  101   93 R   1 G 430    192      168.0     30.813
 Building Blocks:   123  118  126  115  121  121  124  118  114  113  116  114   99  103 R   1 G 431    192    167.875     33.084
 Building Blocks:   122  119  125  115  120  122  121  120  114  112  115  114  100  103 R   1 G 432    192    170.563     30.483
 Building Blocks:   121  123  126  117  124  123  119  120  117  115  119  111  105  103 R   1 G 433    192    169.813     32.145
 Building Blocks:   119  123  123  115  120  124  124  123  116  110  116  119   98  108 R   1 G 434    192    165.625     33.663
 Building Blocks:   123  119  119  117  114  126  122  120  115  110  112  114   98   99 R   1 G 435    192    169.563     33.689
 Building Blocks:   122  117  121  125  121  124  117  122  112  118  117  111  105  102 R   1 G 436    192      162.5     35.105
 Building Blocks:   123  120  117  118  119  121  120  116  115  107  112  109   95   95 R   1 G 437    192     162.75     33.167
 Building Blocks:   120  120  122  117  115  122  120  118  112  111  109  111   98   93 R   1 G 438    192    165.063     33.006
 Building Blocks:   118  124  118  117  119  120  123  120  114  108  112  115   96  100 R   1 G 439    192    164.063     32.992
 Building Blocks:   116  118  121  119  124  119  117  125  106  112  115  114   92  101 R   1 G 440    192    161.313     35.675
 Building Blocks:   117  119  119  118  123  117  118  120  108  109  112  112   90   97 R   1 G 441    192    166.938     32.069
 Building Blocks:   121  121  123  120  119  116  119  124  115  116  108  115  104   96 R   1 G 442    192    167.375     35.912
 Building Blocks:   121  120  118  120  119  119  124  125  113  110  110  121   98  103 R   1 G 443    192    167.625     33.112
 Building Blocks:   119  122  118  123  118  116  125  125  113  114  106  123   99  102 R   1 G 444    192    170.938     29.897
 Building Blocks:   120  123  120  125  117  122  125  123  115  117  112  120  104  104 R   1 G 445    192    168.625     31.083
 Building Blocks:   122  121  117  120  118  126  121  123  115  110  116  116   99  105 R   1 G 446    192    173.813     29.333
 Building Blocks:   122  124  123  126  119  125  121  121  118  121  117  114  112  103 R   1 G 447    192     168.25     34.103
 Building Blocks:   118  123  120  121  120  124  122  120  113  113  116  114   99  104 R   1 G 448    192    164.813     35.471
 Building Blocks:   120  123  116  123  120  117  123  117  116  112  109  112  101   94 R   1 G 449    192    167.563     33.316
 Building Blocks:   119  122  120  121  121  119  122  121  113  114  112  115   99  103 R   1 G 450    192    168.875     31.528
 Building Blocks:   121  124  117  125  123  117  123  120  117  114  112  115  103  101 R   1 G 451    192    165.875     34.712
 Building Blocks:   119  125  123  121  119  118  122  115  116  116  110  110  105   92 R   1 G 452    192    168.063     35.714
 Building Blocks:   124  124  126  119  119  116  120  117  120  117  109  110  110   93 R   1 G 453    192    167.188     32.498
 Building Blocks:   123  119  125  121  116  119  119  121  114  118  109  113  104   97 R   1 G 454    192    169.063       31.8
 Building Blocks:   123  116  124  121  122  118  123  122  111  117  113  117  101  104 R   1 G 455    192    169.688     29.843
 Building Blocks:   121  119  123  125  123  124  117  119  112  120  119  109  106  100 R   1 G 456    192    167.063     33.652
 Building Blocks:   121  123  118  123  122  118  121  119  116  113  112  113  102   98 R   1 G 457    192    166.813     33.913
 Building Blocks:   122  122  116  122  119  118  124  122  116  110  110  118   98  101 R   1 G 458    192      171.5     29.946
 Building Blocks:   122  121  119  121  121  123  125  122  115  112  117  119  102  109 R   1 G 459    192      167.5     34.745
 Building Blocks:   120  121  119  124  122  121  116  123  113  115  115  112  101  100 R   1 G 460    192    170.563     32.046
 Building Blocks:   123  120  118  120  121  125  118  126  116  111  118  116  101  108 R   1 G 461    192     172.25     29.217
 Building Blocks:   124  120  119  123  121  126  121  120  118  114  119  114  107  106 R   1 G 462    192    167.188      32.28
 Building Blocks:   124  120  117  122  120  124  119  117  116  112  116  110  101  100 R   1 G 463    192    163.313     34.843
 Building Blocks:   120  121  114  119  119  123  121  116  114  107  115  110   94   98 R   1 G 464    192    163.375     36.881
 Building Blocks:   119  123  116  116  120  120  120  120  114  106  112  112   94   99 R   1 G 465    192    170.375     31.111
 Building Blocks:   120  125  122  119  119  122  123  122  117  114  113  117  103  105 R   1 G 466    192    169.063     32.037
 Building Blocks:   121  123  119  120  124  124  121  119  116  111  120  112  100  104 R   1 G 467    192    168.813     32.186
 Building Blocks:   124  123  119  120  124  117  123  117  119  112  113  113  104  101 R   1 G 468    192    170.063     30.072
 Building Blocks:   120  123  118  123  127  117  125  118  116  114  116  115  103  104 R   1 G 469    192    168.375     33.506
 Building Blocks:   120  124  122  123  117  120  120  122  116  117  110  114  106   97 R   1 G 470    192    166.938     34.154
 Building Blocks:   124  118  122  119  120  118  119  121  116  115  111  113  103   97 R   1 G 471    192    165.813     34.188
 Building Blocks:   122  119  121  118  126  116  116  121  115  113  114  109  102   96 R   1 G 472    192    161.875     33.545
 Building Blocks:   119  119  123  119  127  113  116  116  110  114  112  105   97   92 R   1 G 473    192    167.063     33.577
 Building Blocks:   118  120  122  124  124  116  122  117  110  118  112  113  100  101 R   1 G 474    192    168.813     33.218
 Building Blocks:   117  123  123  120  122  117  124  121  112  116  112  117  104  101 R   1 G 475    192    169.438     32.367
 Building Blocks:   122  120  124  120  123  121  121  120  114  117  116  113  103  102 R   1 G 476    192    170.188     32.835
 Building Blocks:   121  126  119  121  124  124  118  120  119  112  120  110  104  103 R   1 G 477    192    168.563     32.176
 Building Blocks:   120  117  121  125  124  119  122  121  110  118  115  115  101  102 R   1 G 478    192      165.0     35.281
 Building Blocks:   122  117  121  122  122  118  120  118  111  115  112  110  100   96 R   1 G 479    192    164.563     35.319
 Building Blocks:   123  114  122  121  119  122  120  118  109  115  113  110   99   96 R   1 G 480    192    169.438     34.214
 Building Blocks:   124  119  124  115  122  118  122  125  115  111  112  119  101  106 R   1 G 481    192    170.813     33.321
 Building Blocks:   122  122  121  122  121  122  124  119  117  115  115  115  104  105 R   1 G 482    192      169.0     34.119
 Building Blocks:   120  117  121  125  124  120  120  121  111  118  116  113  102  103 R   1 G 483    192    166.813     35.821
 Building Blocks:   118  120  122  124  125  120  117  117  111  118  117  107  101   99 R   1 G 484    192    170.813     31.261
 Building Blocks:   124  118  123  124  123  125  120  118  114  119  120  110  106  102 R   1 G 485    192    167.313     32.267
 Building Blocks:   122  116  126  120  122  125  116  120  110  118  119  108  100  100 R   1 G 486    192    160.625     37.772
 Building Blocks:   116  113  124  118  111  122  120  120  104  115  106  112   95   93 R   1 G 487    192    165.563     33.546
 Building Blocks:   119  117  120  115  124  121  120  123  110  107  117  115   92  106 R   1 G 488    192    167.813     30.326
 Building Blocks:   122  121  119  114  122  123  123  123  115  105  117  118   94  108 R   1 G 489    192    169.375     33.238
 Building Blocks:   120  122  123  111  123  122  123  124  114  107  117  119   97  110 R   1 G 490    192    168.875     33.511
 Building Blocks:   118  120  120  117  122  123  123  125  110  110  117  120   94  111 R   1 G 491    192    168.938     33.816
 Building Blocks:   122  121  122  119  123  123  120  119  115  113  118  111  102  103 R   1 G 492    192    168.063      34.61
 Building Blocks:   120  120  119  124  123  119  120  120  113  115  115  113  101  102 R   1 G 493    192    170.625     32.049
 Building Blocks:   125  120  118  122  124  121  117  125  119  112  117  115  103  105 R   1 G 494    192    172.875     30.521
 Building Blocks:   125  122  118  125  123  119  122  124  119  116  114  119  107  106 R   1 G 495    192      171.0     32.931
 Building Blocks:   125  122  120  122  122  121  121  119  119  115  116  112  107  103 R   1 G 496    192      169.5     29.912
 Building Blocks:   126  122  123  117  120  120  121  123  120  112  112  116  104  101 R   1 G 497    192    165.563     30.592
 Building Blocks:   125  123  117  117  119  120  118  122  120  107  111  112  100   97 R   1 G 498    192    163.125     33.556
 Building Blocks:   122  123  115  118  115  124  117  120  117  106  112  109   97   95 R   1 G 499    192    164.625     35.701
1    316   11111111   11111111   11111111   11111111   11111111   11111111   11111111   11111111   RawFitness
                255        255        255        255        255        255        255        255          192

B          11111111   11111111   11111111   11111111   11111111   11111111   11111111   11111111   RawFitness
                255        255        255        255        255        255        255        255          192

Gen                 AvgFit              BestFit 
0              0.13                8.0                 
1              0.19                8.0                 
2              0.38                8.0                 
3              0.56                8.0                 
4              0.56                8.0                 
5              1.0                 8.0                 
6              1.88                8.0                 
7              2.88                8.0                 
8              4.25                8.0                 
9              6.06                8.0                 
10             7.38                8.0                 
11             7.44                8.0                 
12             7.88                8.0                 
13             7.69                8.0                 
14             7.56                8.0                 
15             7.56                8.0                 
16             7.44                8.0                 
17             7.75                16.0                
18             7.81                16.0                
19             7.94                16.0                
20             8.19                16.0                
21             8.38                16.0                
22             8.63                16.0                
23             9.88                16.0                
24             10.5                16.0                
25             11.13               16.0                
26             12.44               16.0                
27             14.25               16.0                
28             14.56               16.0                
29             15.19               16.0                
30             15.06               16.0                
31             15.56               16.0                
32             15.44               16.0                
33             15.5                16.0                
34             16.13               40.0                
35             16.19               40.0                
36             17.44               40.0                
37             18.38               40.0                
38             19.06               40.0                
39             20.88               40.0                
40             24.81               40.0                
41             29.88               40.0                
42             33.63               40.0                
43             34.94               40.0                
44             36.38               40.0                
45             38.06               40.0                
46             37.63               40.0                
47             38.31               40.0                
48             37.0                40.0                
49             37.38               40.0                
50             36.44               40.0                
51             38.19               40.0                
52             37.81               40.0                
53             38.06               40.0                
54             37.19               40.0                
55             38.19               40.0                
56             37.81               40.0                
57             36.94               40.0                
58             36.94               48.0                
59             37.19               48.0                
60             37.06               48.0                
61             37.75               48.0                
62             37.56               48.0                
63             38.31               48.0                
64             39.0                48.0                
65             37.56               48.0                
66             39.38               48.0                
67             40.06               48.0                
68             42.44               48.0                
69             42.31               48.0                
70             44.69               48.0                
71             44.69               48.0                
72             45.56               56.0                
73             45.13               48.0                
74             45.19               48.0                
75             44.44               48.0                
76             44.81               48.0                
77             46.5                48.0                
78             45.88               48.0                
79             44.81               48.0                
80             44.19               56.0                
81             44.31               56.0                
82             45.13               56.0                
83             46.0                56.0                
84             44.81               56.0                
85             45.63               56.0                
86             45.38               56.0                
87             46.06               56.0                
88             46.56               56.0                
89             47.63               56.0                
90             48.06               56.0                
91             49.69               56.0                
92             51.5                56.0                
93             51.44               56.0                
94             52.38               56.0                
95             52.38               56.0                
96             52.38               56.0                
97             52.5                56.0                
98             51.0                56.0                
99             52.56               56.0                
100            52.25               56.0                
101            52.25               56.0                
102            53.13               56.0                
103            52.94               56.0                
104            52.19               56.0                
105            52.38               56.0                
106            52.38               56.0                
107            52.44               56.0                
108            53.75               56.0                
109            53.06               56.0                
110            53.38               56.0                
111            52.88               56.0                
112            53.06               56.0                
113            52.25               56.0                
114            52.94               56.0                
115            52.63               56.0                
116            52.38               56.0                
117            51.63               56.0                
118            51.88               56.0                
119            52.25               56.0                
120            52.5                56.0                
121            52.81               80.0                
122            52.94               80.0                
123            53.06               80.0                
124            53.38               80.0                
125            52.81               80.0                
126            54.31               80.0                
127            55.75               80.0                
128            55.94               80.0                
129            57.69               80.0                
130            59.81               80.0                
131            64.63               80.0                
132            68.0                80.0                
133            69.94               80.0                
134            73.0                80.0                
135            72.94               80.0                
136            74.94               80.0                
137            73.94               80.0                
138            73.81               80.0                
139            74.94               80.0                
140            74.25               80.0                
141            75.25               80.0                
142            75.81               80.0                
143            74.31               80.0                
144            74.44               80.0                
145            73.31               80.0                
146            74.19               80.0                
147            72.44               80.0                
148            74.44               80.0                
149            74.63               80.0                
150            73.25               80.0                
151            74.81               80.0                
152            75.0                80.0                
153            74.88               80.0                
154            75.94               80.0                
155            76.63               80.0                
156            75.13               80.0                
157            73.69               80.0                
158            75.19               80.0                
159            75.56               136.0               
160            74.0                80.0                
161            75.88               80.0                
162            75.06               80.0                
163            74.81               80.0                
164            75.31               80.0                
165            75.0                80.0                
166            76.19               80.0                
167            73.88               80.0                
168            75.19               80.0                
169            75.25               80.0                
170            74.56               80.0                
171            74.19               80.0                
172            73.81               136.0               
173            77.06               136.0               
174            75.75               136.0               
175            78.75               136.0               
176            79.31               136.0               
177            79.13               136.0               
178            82.94               136.0               
179            87.81               136.0               
180            94.88               136.0               
181            99.25               136.0               
182            112.88              136.0               
183            115.81              136.0               
184            115.19              136.0               
185            121.56              136.0               
186            121.63              136.0               
187            119.38              136.0               
188            121.44              136.0               
189            124.69              136.0               
190            123.63              136.0               
191            122.13              136.0               
192            124.88              136.0               
193            124.25              136.0               
194            120.88              136.0               
195            124.94              136.0               
196            122.13              136.0               
197            123.13              136.0               
198            122.5               136.0               
199            122.38              136.0               
200            126.38              136.0               
201            124.0               136.0               
202            123.19              136.0               
203            120.56              136.0               
204            123.88              136.0               
205            122.56              136.0               
206            120.94              136.0               
207            123.13              136.0               
208            123.75              136.0               
209            121.44              136.0               
210            121.31              136.0               
211            120.38              136.0               
212            122.69              136.0               
213            120.44              136.0               
214            121.44              136.0               
215            126.56              136.0               
216            125.13              136.0               
217            128.13              136.0               
218            121.19              136.0               
219            117.25              136.0               
220            119.75              136.0               
221            121.5               136.0               
222            125.0               136.0               
223            123.5               136.0               
224            121.88              136.0               
225            124.94              136.0               
226            125.5               136.0               
227            121.88              136.0               
228            124.31              136.0               
229            124.81              136.0               
230            124.13              136.0               
231            125.13              136.0               
232            119.94              136.0               
233            117.0               136.0               
234            120.06              136.0               
235            122.56              136.0               
236            122.75              136.0               
237            122.5               136.0               
238            124.0               136.0               
239            123.88              136.0               
240            121.69              136.0               
241            120.81              136.0               
242            121.88              136.0               
243            120.63              136.0               
244            123.25              136.0               
245            121.25              136.0               
246            121.94              136.0               
247            121.63              136.0               
248            122.44              136.0               
249            126.69              136.0               
250            122.31              136.0               
251            116.94              136.0               
252            121.69              136.0               
253            122.75              136.0               
254            122.25              136.0               
255            121.38              136.0               
256            119.88              136.0               
257            117.31              136.0               
258            123.69              136.0               
259            123.88              136.0               
260            117.44              136.0               
261            121.13              136.0               
262            123.38              136.0               
263            123.19              136.0               
264            124.06              136.0               
265            124.19              136.0               
266            123.63              136.0               
267            119.94              136.0               
268            123.06              136.0               
269            122.13              136.0               
270            123.13              136.0               
271            120.0               136.0               
272            121.69              136.0               
273            118.06              136.0               
274            120.25              136.0               
275            120.25              136.0               
276            120.94              136.0               
277            122.06              136.0               
278            123.38              136.0               
279            116.94              136.0               
280            122.19              136.0               
281            117.13              136.0               
282            123.31              136.0               
283            124.13              136.0               
284            127.0               136.0               
285            119.94              136.0               
286            118.44              136.0               
287            118.88              136.0               
288            123.19              136.0               
289            125.06              136.0               
290            125.13              136.0               
291            126.0               136.0               
292            124.19              136.0               
293            121.0               136.0               
294            122.69              136.0               
295            121.56              136.0               
296            123.31              136.0               
297            123.38              136.0               
298            125.0               136.0               
299            118.69              136.0               
300            122.0               136.0               
301            118.5               136.0               
302            120.63              136.0               
303            124.69              136.0               
304            123.94              136.0               
305            120.94              136.0               
306            121.38              136.0               
307            122.19              136.0               
308            117.19              136.0               
309            118.63              136.0               
310            117.81              136.0               
311            121.94              136.0               
312            125.44              136.0               
313            126.13              136.0               
314            124.38              136.0               
315            122.13              136.0               
316            124.25              192.0               
317            122.38              192.0               
318            124.13              192.0               
319            124.0               192.0               
320            122.81              192.0               
321            121.81              192.0               
322            123.63              192.0               
323            126.75              192.0               
324            127.69              192.0               
325            130.25              192.0               
326            131.75              192.0               
327            130.81              192.0               
328            139.75              192.0               
329            144.06              192.0               
330            147.25              192.0               
331            158.38              192.0               
332            162.19              192.0               
333            164.56              192.0               
334            167.63              192.0               
335            171.63              192.0               
336            168.63              192.0               
337            174.31              192.0               
338            168.5               192.0               
339            167.81              192.0               
340            167.44              192.0               
341            163.81              192.0               
342            162.0               192.0               
343            165.0               192.0               
344            166.31              192.0               
345            169.94              192.0               
346            168.88              192.0               
347            170.13              192.0               
348            175.44              192.0               
349            168.69              192.0               
350            175.75              192.0               
351            174.25              192.0               
352            171.44              192.0               
353            167.75              192.0               
354            164.88              192.0               
355            167.31              192.0               
356            168.38              192.0               
357            172.44              192.0               
358            166.5               192.0               
359            167.5               192.0               
360            171.56              192.0               
361            171.13              192.0               
362            166.81              192.0               
363            164.0               192.0               
364            163.56              192.0               
365            160.75              192.0               
366            160.06              192.0               
367            162.5               192.0               
368            167.19              192.0               
369            170.81              192.0               
370            171.88              192.0               
371            165.75              192.0               
372            165.13              192.0               
373            163.81              192.0               
374            171.19              192.0               
375            168.94              192.0               
376            164.63              192.0               
377            165.31              192.0               
378            168.63              192.0               
379            164.25              192.0               
380            166.88              192.0               
381            165.25              192.0               
382            170.19              192.0               
383            167.81              192.0               
384            172.63              192.0               
385            163.94              192.0               
386            169.25              192.0               
387            167.5               192.0               
388            163.75              192.0               
389            164.38              192.0               
390            161.25              192.0               
391            166.38              192.0               
392            165.5               192.0               
393            162.75              192.0               
394            164.88              192.0               
395            167.06              192.0               
396            168.69              192.0               
397            171.5               192.0               
398            172.19              192.0               
399            172.5               192.0               
400            170.81              192.0               
401            170.75              192.0               
402            167.25              192.0               
403            165.69              192.0               
404            165.69              192.0               
405            167.94              192.0               
406            167.25              192.0               
407            169.56              192.0               
408            167.25              192.0               
409            164.13              192.0               
410            162.31              192.0               
411            167.19              192.0               
412            161.94              192.0               
413            164.06              192.0               
414            171.31              192.0               
415            168.38              192.0               
416            168.63              192.0               
417            167.06              192.0               
418            167.81              192.0               
419            168.56              192.0               
420            161.56              192.0               
421            161.06              192.0               
422            167.25              192.0               
423            166.69              192.0               
424            173.0               192.0               
425            167.25              192.0               
426            168.13              192.0               
427            165.0               192.0               
428            163.88              192.0               
429            164.44              192.0               
430            168.0               192.0               
431            167.88              192.0               
432            170.56              192.0               
433            169.81              192.0               
434            165.63              192.0               
435            169.56              192.0               
436            162.5               192.0               
437            162.75              192.0               
438            165.06              192.0               
439            164.06              192.0               
440            161.31              192.0               
441            166.94              192.0               
442            167.38              192.0               
443            167.63              192.0               
444            170.94              192.0               
445            168.63              192.0               
446            173.81              192.0               
447            168.25              192.0               
448            164.81              192.0               
449            167.56              192.0               
450            168.88              192.0               
451            165.88              192.0               
452            168.06              192.0               
453            167.19              192.0               
454            169.06              192.0               
455            169.69              192.0               
456            167.06              192.0               
457            166.81              192.0               
458            171.5               192.0               
459            167.5               192.0               
460            170.56              192.0               
461            172.25              192.0               
462            167.19              192.0               
463            163.31              192.0               
464            163.38              192.0               
465            170.38              192.0               
466            169.06              192.0               
467            168.81              192.0               
468            170.06              192.0               
469            168.38              192.0               
470            166.94              192.0               
471            165.81              192.0               
472            161.88              192.0               
473            167.06              192.0               
474            168.81              192.0               
475            169.44              192.0               
476            170.19              192.0               
477            168.56              192.0               
478            165.0               192.0               
479            164.56              192.0               
480            169.44              192.0               
481            170.81              192.0               
482            169.0               192.0               
483            166.81              192.0               
484            170.81              192.0               
485            167.31              192.0               
486            160.63              192.0               
487            165.56              192.0               
488            167.81              192.0               
489            169.38              192.0               
490            168.88              192.0               
491            168.94              192.0               
492            168.06              192.0               
493            170.63              192.0               
494            172.88              192.0               
495            171.0               192.0               
496            169.5               192.0               
497            165.56              192.0               
498            163.13              192.0               
499            164.63              192.0               

